0 550
50 550
100 550
150 550
200 550
250 550
300 550
350 550
400 550
450 550
500 550
550 550
600 550
650 550
700 550
750 550
750 0
750 50
750 100
750 150
750 200
750 250
750 300
750 350
750 400
750 450
750 500
750 550
0 0
0 50
0 100
0 150
0 200
0 250
0 300
0 350
0 400
0 450
0 500
0 550
0 600
0 650
0 700
0 750
0 0
50 0
100 0
150 0
200 0
250 0
300 0
350 0
400 0
450 0
500 0
550 0
600 0
650 0
700 0
750 0
50 150
100 150
100 100
100 50
300 50
300 100
300 150
350 150
400 150
400 200
400 250
400 100
400 50
400 100
350 100
300 100
150 250
200 250
250 250
300 250
300 300
300 350
300 400
300 450
350 450
400 450
450 450
500 400
500 350
500 300
500 250
550 250
600 250
650 250
650 200
650 150
650 100
500 450
550 450
600 450
650 450
100 450
150 450
200 450
250 450
300 450
100 250
100 300
100 350
100 400
100 450
100 500
