0 550
50 550
100 550
150 550
200 550
250 550
300 550
350 550
400 550
450 550
500 550
550 550
600 550
650 550
700 550
750 550
750 0
750 50
750 100
750 150
750 200
750 250
750 300
750 350
750 400
750 450
750 500
750 550
0 0
0 50
0 100
0 150
0 200
0 250
0 300
0 350
0 400
0 450
0 500
0 550
0 600
0 650
0 700
0 750
0 0
50 0
100 0
150 0
200 0
250 0
300 0
350 0
400 0
450 0
500 0
550 0
600 0
650 0
700 0
750 0
550 500
600 500
450 450
50 400
100 400
150 400
200 400
250 400
300 400
350 400
400 400
450 400
500 400
50 350
400 350
450 350
500 350
550 350
600 350
700 350
50 300
700 300
50 250
300 250
350 250
400 250
450 250
500 250
550 250
600 250
650 250
700 250
50 200
100 200
200 200
250 200
300 200
350 200
700 200
450 150
500 150
550 150
600 150
600 100
600 50